{
 "cells": [
  {
   "cell_type": "markdown",
   "id": "3e970918-d881-4853-84e3-8b0e36be33c6",
   "metadata": {},
   "source": [
    "## Project No 3: SVD-Based Digital Image Watermarking Scheme\n",
    "#### Alper Tutum\n",
    "#### 150210088\n",
    "#### Istanbul Technical University\n",
    "#### Computer Engineering"
   ]
  },
  {
   "cell_type": "markdown",
   "id": "b444efa1-ec69-40b3-b41b-ac3ba4245782",
   "metadata": {},
   "source": [
    "### Initialization"
   ]
  },
  {
   "cell_type": "code",
   "execution_count": 1,
   "id": "2a82051b-d696-4243-8b94-4fc5478606a2",
   "metadata": {},
   "outputs": [],
   "source": [
    "import numpy as np\n",
    "import matplotlib.pyplot as plt\n",
    "\n",
    "# Needed for PRNG\n",
    "import random\n",
    "random.seed(1773)"
   ]
  },
  {
   "cell_type": "code",
   "execution_count": 2,
   "id": "8b707c19-fa56-4382-8f56-82d74128e620",
   "metadata": {},
   "outputs": [
    {
     "name": "stdout",
     "output_type": "stream",
     "text": [
      "The sub-matrix at index 50:50\n",
      " [[0.6901961  0.6431373  0.67058825 0.42745098 0.36078432 0.5411765\n",
      "  0.8039216  0.7019608 ]\n",
      " [0.63529414 0.8039216  0.8        0.60784316 0.5137255  0.47058824\n",
      "  0.5647059  0.81960785]\n",
      " [0.68235296 0.5019608  0.78431374 0.6509804  0.41568628 0.46666667\n",
      "  0.56078434 0.61960787]\n",
      " [0.8156863  0.69803923 0.76862746 0.80784315 0.73333335 0.5372549\n",
      "  0.46666667 0.40784314]\n",
      " [0.6745098  0.85882354 0.8509804  0.7411765  0.67058825 0.7372549\n",
      "  0.5647059  0.47058824]\n",
      " [0.4        0.654902   0.84705883 0.83137256 0.5372549  0.5529412\n",
      "  0.78431374 0.69803923]\n",
      " [0.43529412 0.40784314 0.70980394 0.8666667  0.84705883 0.6862745\n",
      "  0.65882355 0.7921569 ]\n",
      " [0.30980393 0.38039216 0.58431375 0.7921569  0.7764706  0.8235294\n",
      "  0.6901961  0.5764706 ]]\n"
     ]
    }
   ],
   "source": [
    "# Read the image into numpy arrays\n",
    "host = plt.imread('host_image.png')\n",
    "watermark = plt.imread('watermark.png')\n",
    "\n",
    "# Partition the host array into blocks of size 8x8\n",
    "host_blocks = host.reshape(64, 8, 64, 8)\n",
    "\n",
    "# The initial matrix is now a 64x64 matrix with every element being a 8x8 matrix\n",
    "# An example 8 by 8 block at row 51, column 51 of the new matrix\n",
    "sub_matrix = host_blocks[50,:,50,:]\n",
    "print('The sub-matrix at index 50:50\\n', sub_matrix)"
   ]
  },
  {
   "cell_type": "markdown",
   "id": "3e51ee8e-5db5-430c-ae47-e9bf3a9befb9",
   "metadata": {},
   "source": [
    "### Singular Value Decomposition and Sorting Blocks According to Their Complexity"
   ]
  },
  {
   "cell_type": "markdown",
   "id": "7c024440-849b-48f4-94e4-1632193afb06",
   "metadata": {},
   "source": [
    "#### SVD On a single block"
   ]
  },
  {
   "cell_type": "markdown",
   "id": "6944e6df-5a99-46da-8f5b-c9af69132e9a",
   "metadata": {},
   "source": [
    "##### Step 1:"
   ]
  },
  {
   "cell_type": "code",
   "execution_count": 3,
   "id": "e195a8e5-e801-41ca-8a11-a418046cc1a2",
   "metadata": {},
   "outputs": [
    {
     "name": "stdout",
     "output_type": "stream",
     "text": [
      "[[2.911342  3.0031374 3.5360248 3.2394774 2.7336872 2.701469  2.872157\n",
      "  2.8806922]\n",
      " [3.0031374 3.2766476 3.8019838 3.4900424 2.9341795 2.9240909 3.1081276\n",
      "  3.1097274]\n",
      " [3.5360248 3.8019838 4.5825453 4.317401  3.623299  3.5824223 3.805229\n",
      "  3.8167167]\n",
      " [3.2394774 3.4900424 4.317401  4.2477202 3.6223917 3.5084505 3.6172705\n",
      "  3.6033838]\n",
      " [2.7336872 2.9341795 3.623299  3.6223917 3.163399  3.0372014 3.0495195\n",
      "  3.0401695]\n",
      " [2.701469  2.9240909 3.5824223 3.5084505 3.0372014 3.0192082 3.0837681\n",
      "  3.0251443]\n",
      " [2.872157  3.1081276 3.805229  3.6172705 3.0495195 3.0837681 3.3418992\n",
      "  3.297947 ]\n",
      " [2.8806922 3.1097274 3.8167167 3.6033838 3.0401695 3.0251443 3.297947\n",
      "  3.3832986]]\n"
     ]
    }
   ],
   "source": [
    "# Let's use the 8 by 8 sub-matrix found above\n",
    "\n",
    "# Firstly the multiplication of the matrix with its transpose is performed\n",
    "# in order to obtain a symmetrical matrix\n",
    "S = sub_matrix\n",
    "ST = np.transpose(S)\n",
    "STS = np.matmul(ST, S)\n",
    "\n",
    "print(STS)"
   ]
  },
  {
   "cell_type": "markdown",
   "id": "5db7f43b-680a-430e-9e10-68bafb4cc80c",
   "metadata": {},
   "source": [
    "##### Step 2: Eigenvalues and Eigenvectors"
   ]
  },
  {
   "cell_type": "code",
   "execution_count": 4,
   "id": "69ce9e61-cbdd-4b7a-9051-408867c5f0b4",
   "metadata": {},
   "outputs": [],
   "source": [
    "# Eigenvalues and eigenvectors of STS can be found with the QR iteration method\n",
    "def qr_method(A):\n",
    "    # This method converges fast so 100 iterations should be enough for our purposes\n",
    "    for x in range(100):\n",
    "        # Get a orthogonal matrix Q and an upper triangular matrix R\n",
    "        # from the QR decomposition of the given matrix A\n",
    "        Q, R = np.linalg.qr(A)\n",
    "\n",
    "        # The eigenvectors will be obtained from the multiplication of all Qs in all iterations\n",
    "        if x > 0:\n",
    "            eigenvectors = np.matmul(eigenvectors, Q)\n",
    "        else:\n",
    "            # No multiplication in the first iteration\n",
    "            eigenvectors = Q\n",
    "        \n",
    "        # Create the next A from the R and Q matrices of the last one\n",
    "        A = np.matmul(R, Q)\n",
    "\n",
    "    # The eigenvalues of A are located in the diagonal of A\n",
    "    diagonal = np.diag(A)\n",
    "    # eigenvalues are already sorted from biggest to smallest\n",
    "    # which means the corresponding eigenvectors will have the correct order too\n",
    "\n",
    "    # This method fails to assign 0 as an eigenvalue because it can't fully converge\n",
    "    # By checking if the value is smaller than a particular amount we can say it's 0\n",
    "    eigenvalues = np.where(diagonal < 10**(-10), 0, diagonal)\n",
    "    \n",
    "    return eigenvalues, eigenvectors"
   ]
  },
  {
   "cell_type": "code",
   "execution_count": 5,
   "id": "a8729c21-3668-45f4-aa6a-64db830fdbec",
   "metadata": {},
   "outputs": [
    {
     "name": "stdout",
     "output_type": "stream",
     "text": [
      "Eigenvalues of the chosen block:\n",
      " [2.67839603e+01 5.63894153e-01 3.20434332e-01 1.02760054e-01\n",
      " 8.57232213e-02 5.43818623e-02 1.42453127e-02 6.61972736e-04]\n",
      "\n",
      "Eigenvectors of the chosen block:\n",
      " [[-0.31615666 -0.5427353   0.278534   -0.02611052  0.7040855   0.10476447\n",
      "  -0.03122178  0.13976206]\n",
      " [-0.33973408 -0.48794445  0.15981591  0.24323203 -0.57387817 -0.3751154\n",
      "  -0.2423295   0.1817043 ]\n",
      " [-0.41169864 -0.20216522  0.01800255 -0.22474438 -0.26256576  0.31779125\n",
      "   0.442359   -0.6108893 ]\n",
      " [-0.3930268   0.33232075  0.24753466 -0.38070843 -0.20770226  0.4201136\n",
      "  -0.08317861  0.54984176]\n",
      " [-0.33399642  0.4484401   0.38477287 -0.10083472  0.16982315 -0.40688196\n",
      "  -0.3809868  -0.4354151 ]\n",
      " [-0.32964176  0.32934383  0.08047324  0.6138684   0.10580757 -0.14065762\n",
      "   0.5769855   0.1888557 ]\n",
      " [-0.34683383  0.07962687 -0.51550967  0.42147923  0.06897615  0.41006586\n",
      "  -0.48914835 -0.13339071]\n",
      " [-0.34662494  0.01159945 -0.64420813 -0.4243351   0.1343614  -0.4661916\n",
      "   0.14273152  0.16997801]]\n"
     ]
    }
   ],
   "source": [
    "# Let's try it on one of the blocks\n",
    "eigenvalues, eigenvectors = qr_method(STS)\n",
    "print('Eigenvalues of the chosen block:\\n', eigenvalues)\n",
    "print('\\nEigenvectors of the chosen block:\\n', eigenvectors)"
   ]
  },
  {
   "cell_type": "markdown",
   "id": "a55f852f-852a-4076-982f-6d84490c8f32",
   "metadata": {},
   "source": [
    "##### Step 3: Right Singular Matrix and Diagonal Matrix"
   ]
  },
  {
   "cell_type": "code",
   "execution_count": 6,
   "id": "7fe5c9ef-cf65-41a3-838b-2873d39042e3",
   "metadata": {},
   "outputs": [
    {
     "name": "stdout",
     "output_type": "stream",
     "text": [
      "VT:\n",
      " [[-0.31615666 -0.33973408 -0.41169864 -0.3930268  -0.33399642 -0.32964176\n",
      "  -0.34683383 -0.34662494]\n",
      " [-0.5427353  -0.48794445 -0.20216522  0.33232075  0.4484401   0.32934383\n",
      "   0.07962687  0.01159945]\n",
      " [ 0.278534    0.15981591  0.01800255  0.24753466  0.38477287  0.08047324\n",
      "  -0.51550967 -0.64420813]\n",
      " [-0.02611052  0.24323203 -0.22474438 -0.38070843 -0.10083472  0.6138684\n",
      "   0.42147923 -0.4243351 ]\n",
      " [ 0.7040855  -0.57387817 -0.26256576 -0.20770226  0.16982315  0.10580757\n",
      "   0.06897615  0.1343614 ]\n",
      " [ 0.10476447 -0.3751154   0.31779125  0.4201136  -0.40688196 -0.14065762\n",
      "   0.41006586 -0.4661916 ]\n",
      " [-0.03122178 -0.2423295   0.442359   -0.08317861 -0.3809868   0.5769855\n",
      "  -0.48914835  0.14273152]\n",
      " [ 0.13976206  0.1817043  -0.6108893   0.54984176 -0.4354151   0.1888557\n",
      "  -0.13339071  0.16997801]]\n",
      "D:\n",
      " [[5.175322   0.         0.         0.         0.         0.\n",
      "  0.         0.        ]\n",
      " [0.         0.7509289  0.         0.         0.         0.\n",
      "  0.         0.        ]\n",
      " [0.         0.         0.5660692  0.         0.         0.\n",
      "  0.         0.        ]\n",
      " [0.         0.         0.         0.3205621  0.         0.\n",
      "  0.         0.        ]\n",
      " [0.         0.         0.         0.         0.2927853  0.\n",
      "  0.         0.        ]\n",
      " [0.         0.         0.         0.         0.         0.2331992\n",
      "  0.         0.        ]\n",
      " [0.         0.         0.         0.         0.         0.\n",
      "  0.11935373 0.        ]\n",
      " [0.         0.         0.         0.         0.         0.\n",
      "  0.         0.02572883]]\n"
     ]
    }
   ],
   "source": [
    "# The right singular matrix has the eigenvectors of STS on its rows\n",
    "Vx = np.transpose(eigenvectors)\n",
    "\n",
    "# The diagonal matrix in the middle has singular values (square root of eigenvalues) on its diagonal\n",
    "singularvalues = np.sqrt(eigenvalues)\n",
    "Dx = np.diag(singularvalues)\n",
    "\n",
    "print('VT:\\n', Vx)\n",
    "print('D:\\n', Dx)"
   ]
  },
  {
   "cell_type": "markdown",
   "id": "8bc12a5d-c2dc-495d-a09b-ca421609f63e",
   "metadata": {},
   "source": [
    "##### Step 4: Left Singular Matrix U"
   ]
  },
  {
   "cell_type": "code",
   "execution_count": 7,
   "id": "d61b0214-0431-4eac-a3d8-58c6ddea6d1a",
   "metadata": {},
   "outputs": [
    {
     "name": "stdout",
     "output_type": "stream",
     "text": [
      "Ux:\n",
      " [[-0.3288346  -0.35921973 -0.47937617  0.5046332   0.41093782  0.01388404\n",
      "  -0.28957942 -0.15955646]\n",
      " [-0.3572518  -0.3421971  -0.20011206 -0.32740483 -0.21942861 -0.6481844\n",
      "   0.04388262  0.37119257]\n",
      " [-0.3220975  -0.22045746 -0.0798621  -0.31767184  0.31807813  0.4813651\n",
      "   0.6273466   0.11798812]\n",
      " [-0.35828418 -0.16319148  0.6618536  -0.16322379  0.24757804  0.14811623\n",
      "  -0.5133302   0.183177  ]\n",
      " [-0.38116524 -0.15569441  0.4363417   0.4402891  -0.34585464 -0.14600943\n",
      "   0.38921335 -0.39211145]\n",
      " [-0.36715356  0.08252497 -0.29265982 -0.11980436 -0.65458965  0.49110934\n",
      "  -0.29576516 -0.03514171]\n",
      " [-0.37123308  0.5017565  -0.09726638 -0.3875293   0.25409347 -0.24886645\n",
      "  -0.05418806 -0.5668629 ]\n",
      " [-0.33796725  0.62914115 -0.0149167   0.39013502  0.08858693 -0.03960694\n",
      "   0.12353839  0.5593105 ]]\n"
     ]
    }
   ],
   "source": [
    "# un = (A*vn)/ð›”n\n",
    "Ux = np.empty_like(S)\n",
    "\n",
    "for i, sv in enumerate(singularvalues):\n",
    "    if sv==0:\n",
    "        Ux[:,i] = 0\n",
    "    else:\n",
    "        Ux[:,i] = (1/sv) * np.matmul(S, Vx[i,:])\n",
    "\n",
    "print('Ux:\\n', Ux)"
   ]
  },
  {
   "cell_type": "markdown",
   "id": "ba086606-87f9-4081-9651-993b1ebdb888",
   "metadata": {},
   "source": [
    "##### Definition of the SVD function"
   ]
  },
  {
   "cell_type": "code",
   "execution_count": 8,
   "id": "c457081c-3d41-411c-8be4-245fdb584182",
   "metadata": {},
   "outputs": [],
   "source": [
    "def SVD(A):\n",
    "    AT = np.transpose(A)\n",
    "    ATA = np.matmul(AT, A)\n",
    "    \n",
    "    eval, evec = qr_method(ATA)\n",
    "    sval = np.sqrt(eval)\n",
    "    \n",
    "    V = np.transpose(evec)\n",
    "    D = np.diag(sval)\n",
    "    \n",
    "    U = np.empty_like(A)\n",
    "    for i, sv in enumerate(sval):\n",
    "        if sv==0:\n",
    "            U[:,i] = 0\n",
    "        else:\n",
    "            U[:,i] = (1/sv) * np.matmul(A, V[i,:])\n",
    "\n",
    "    return U, D, V"
   ]
  },
  {
   "cell_type": "code",
   "execution_count": 9,
   "id": "67c9cb70-7f69-4c51-9e3b-d08668b0eb00",
   "metadata": {},
   "outputs": [
    {
     "name": "stdout",
     "output_type": "stream",
     "text": [
      "U:\n",
      " [[-0.3288346  -0.35921973 -0.47937617  0.5046332   0.41093782  0.01388404\n",
      "  -0.28957942 -0.15955646]\n",
      " [-0.3572518  -0.3421971  -0.20011206 -0.32740483 -0.21942861 -0.6481844\n",
      "   0.04388262  0.37119257]\n",
      " [-0.3220975  -0.22045746 -0.0798621  -0.31767184  0.31807813  0.4813651\n",
      "   0.6273466   0.11798812]\n",
      " [-0.35828418 -0.16319148  0.6618536  -0.16322379  0.24757804  0.14811623\n",
      "  -0.5133302   0.183177  ]\n",
      " [-0.38116524 -0.15569441  0.4363417   0.4402891  -0.34585464 -0.14600943\n",
      "   0.38921335 -0.39211145]\n",
      " [-0.36715356  0.08252497 -0.29265982 -0.11980436 -0.65458965  0.49110934\n",
      "  -0.29576516 -0.03514171]\n",
      " [-0.37123308  0.5017565  -0.09726638 -0.3875293   0.25409347 -0.24886645\n",
      "  -0.05418806 -0.5668629 ]\n",
      " [-0.33796725  0.62914115 -0.0149167   0.39013502  0.08858693 -0.03960694\n",
      "   0.12353839  0.5593105 ]]\n",
      "D:\n",
      " [[5.175322   0.         0.         0.         0.         0.\n",
      "  0.         0.        ]\n",
      " [0.         0.7509289  0.         0.         0.         0.\n",
      "  0.         0.        ]\n",
      " [0.         0.         0.5660692  0.         0.         0.\n",
      "  0.         0.        ]\n",
      " [0.         0.         0.         0.3205621  0.         0.\n",
      "  0.         0.        ]\n",
      " [0.         0.         0.         0.         0.2927853  0.\n",
      "  0.         0.        ]\n",
      " [0.         0.         0.         0.         0.         0.2331992\n",
      "  0.         0.        ]\n",
      " [0.         0.         0.         0.         0.         0.\n",
      "  0.11935373 0.        ]\n",
      " [0.         0.         0.         0.         0.         0.\n",
      "  0.         0.02572883]]\n",
      "VT:\n",
      " [[-0.31615666 -0.33973408 -0.41169864 -0.3930268  -0.33399642 -0.32964176\n",
      "  -0.34683383 -0.34662494]\n",
      " [-0.5427353  -0.48794445 -0.20216522  0.33232075  0.4484401   0.32934383\n",
      "   0.07962687  0.01159945]\n",
      " [ 0.278534    0.15981591  0.01800255  0.24753466  0.38477287  0.08047324\n",
      "  -0.51550967 -0.64420813]\n",
      " [-0.02611052  0.24323203 -0.22474438 -0.38070843 -0.10083472  0.6138684\n",
      "   0.42147923 -0.4243351 ]\n",
      " [ 0.7040855  -0.57387817 -0.26256576 -0.20770226  0.16982315  0.10580757\n",
      "   0.06897615  0.1343614 ]\n",
      " [ 0.10476447 -0.3751154   0.31779125  0.4201136  -0.40688196 -0.14065762\n",
      "   0.41006586 -0.4661916 ]\n",
      " [-0.03122178 -0.2423295   0.442359   -0.08317861 -0.3809868   0.5769855\n",
      "  -0.48914835  0.14273152]\n",
      " [ 0.13976206  0.1817043  -0.6108893   0.54984176 -0.4354151   0.1888557\n",
      "  -0.13339071  0.16997801]]\n"
     ]
    }
   ],
   "source": [
    "# Try it on the chosen block\n",
    "Uy, Dy, Vy = SVD(S)\n",
    "\n",
    "print('U:\\n', Uy)\n",
    "print('D:\\n', Dy)\n",
    "print('VT:\\n', Vy)"
   ]
  },
  {
   "cell_type": "markdown",
   "id": "1728aa1d-9201-4e96-9d43-d972b7b7dd31",
   "metadata": {},
   "source": [
    "##### Inverse SVD Transformation"
   ]
  },
  {
   "cell_type": "code",
   "execution_count": 10,
   "id": "5671aac1-e34c-4933-a806-ca565b08c186",
   "metadata": {},
   "outputs": [],
   "source": [
    "def inverse_svd(U, D, VT):\n",
    "    A_ = np.matmul(np.matmul(U, D), VT)\n",
    "    \n",
    "    return A_"
   ]
  },
  {
   "cell_type": "code",
   "execution_count": 11,
   "id": "171e17e8-8793-4cce-bdea-537371a11453",
   "metadata": {},
   "outputs": [
    {
     "name": "stdout",
     "output_type": "stream",
     "text": [
      "Reconstructed S matrix:\n",
      " [[0.69019616 0.6431372  0.6705883  0.42745084 0.36078414 0.5411762\n",
      "  0.80392146 0.70196086]\n",
      " [0.6352941  0.8039215  0.79999995 0.60784286 0.5137254  0.47058797\n",
      "  0.5647058  0.81960785]\n",
      " [0.68235296 0.50196093 0.78431374 0.6509803  0.41568625 0.46666667\n",
      "  0.56078434 0.6196078 ]\n",
      " [0.81568635 0.6980395  0.76862746 0.80784285 0.73333335 0.53725487\n",
      "  0.46666664 0.40784305]\n",
      " [0.67451    0.85882354 0.85098046 0.7411763  0.67058825 0.7372548\n",
      "  0.56470585 0.47058827]\n",
      " [0.40000013 0.654902   0.84705883 0.8313724  0.5372549  0.55294114\n",
      "  0.7843137  0.6980394 ]\n",
      " [0.43529403 0.4078431  0.7098039  0.8666664  0.84705865 0.68627435\n",
      "  0.65882355 0.79215693]\n",
      " [0.30980396 0.38039213 0.58431375 0.7921567  0.7764706  0.8235293\n",
      "  0.69019604 0.5764707 ]]\n"
     ]
    }
   ],
   "source": [
    "# Test with the same matrix used before\n",
    "S_ = inverse_svd(Uy, Dy, Vy)\n",
    "print('Reconstructed S matrix:\\n', S_)"
   ]
  },
  {
   "cell_type": "markdown",
   "id": "d1bc4ac4-0d70-4602-9abf-dbca80bc6c02",
   "metadata": {},
   "source": [
    "#### Detecting D Component"
   ]
  },
  {
   "cell_type": "code",
   "execution_count": 12,
   "id": "292abffe-7a23-46e4-a583-c2e34412e19e",
   "metadata": {},
   "outputs": [],
   "source": [
    "blocks = []\n",
    "sorted_blocks = []\n",
    "\n",
    "for i in range(host_blocks.shape[0]):\n",
    "    for j in range(host_blocks.shape[2]):\n",
    "        block = host_blocks[i,:,j,:]\n",
    "        _, Di, _ = SVD(block)\n",
    "        n_nonzero = np.count_nonzero(Di)\n",
    "        blocks.append(((i,j), n_nonzero))\n",
    "\n",
    "# Sort the indices of blocks in order of which has the greatest number\n",
    "sorted_blocks = sorted(blocks, key=lambda x: x[1], reverse=True)"
   ]
  },
  {
   "cell_type": "code",
   "execution_count": 13,
   "id": "888846d8-8132-443e-9191-208011accf0e",
   "metadata": {
    "scrolled": true
   },
   "outputs": [
    {
     "name": "stdout",
     "output_type": "stream",
     "text": [
      "[((26, 55), 8), ((13, 38), 8), ((49, 30), 8), ((49, 23), 8), ((19, 9), 8), ((29, 11), 8), ((3, 9), 8), ((48, 27), 8), ((7, 28), 8), ((23, 21), 8), ((16, 48), 8), ((53, 9), 8), ((54, 17), 8), ((46, 25), 8), ((28, 14), 8), ((26, 30), 8), ((25, 33), 8), ((27, 30), 8), ((52, 55), 8), ((39, 61), 8), ((48, 5), 8), ((19, 49), 8), ((49, 48), 8), ((25, 10), 8), ((51, 5), 8), ((63, 1), 8), ((40, 6), 8), ((11, 32), 8), ((39, 50), 8), ((34, 11), 8), ((43, 34), 8), ((56, 2), 8), ((54, 60), 8), ((34, 21), 8), ((61, 32), 8), ((62, 47), 8), ((34, 2), 8), ((30, 49), 8), ((41, 58), 8), ((10, 22), 8), ((0, 8), 8), ((48, 0), 8), ((37, 55), 8), ((10, 42), 8), ((7, 40), 8), ((32, 14), 8), ((25, 9), 8), ((20, 51), 8), ((12, 7), 8), ((25, 16), 8), ((63, 21), 8), ((33, 47), 8), ((56, 30), 8), ((54, 32), 8), ((39, 45), 8), ((58, 37), 8), ((26, 7), 8), ((25, 44), 8), ((32, 52), 8), ((12, 0), 8), ((8, 26), 8), ((9, 34), 8), ((3, 46), 8), ((38, 34), 8), ((63, 53), 8), ((21, 31), 8), ((19, 8), 8), ((43, 31), 8), ((32, 13), 8), ((20, 32), 8), ((54, 61), 8), ((44, 36), 8), ((12, 60), 8), ((63, 8), 8), ((40, 56), 8), ((48, 48), 8), ((52, 37), 8), ((38, 35), 8), ((41, 26), 8), ((53, 52), 8), ((47, 12), 8), ((52, 36), 8), ((43, 11), 8), ((37, 43), 8), ((53, 14), 8), ((18, 41), 8), ((8, 43), 8), ((8, 4), 8), ((59, 49), 8), ((1, 40), 8), ((39, 56), 8), ((43, 36), 8), ((33, 3), 8), ((6, 14), 8), ((60, 35), 8), ((23, 43), 8), ((18, 14), 8), ((7, 45), 8), ((28, 7), 8), ((39, 26), 8)]\n"
     ]
    }
   ],
   "source": [
    "# The sorted_blocks array holds the indices at which the blocks are\n",
    "# 1024 blocks are needed for operation so they will be chosen from the most complex blocks randomly\n",
    "all_complex_blocks = [block for block in sorted_blocks if block[1] == 8]\n",
    "complex_blocks = random.sample(all_complex_blocks, 1024)\n",
    "\n",
    "# These are the first 100 indices of the blocks we will use for watermark embedding and extraction\n",
    "print(complex_blocks[:100])"
   ]
  },
  {
   "cell_type": "markdown",
   "id": "b57bef07-a6b1-43b1-9e77-f2ff157dbc5c",
   "metadata": {},
   "source": [
    "### Watermark Embedding"
   ]
  },
  {
   "cell_type": "markdown",
   "id": "12be673d-594c-4528-9b65-b43f2a3a2fe6",
   "metadata": {},
   "source": [
    "#### One Block Example"
   ]
  },
  {
   "cell_type": "code",
   "execution_count": 14,
   "id": "ed217f72-c9a8-419a-a0eb-6acf3eeefd99",
   "metadata": {},
   "outputs": [],
   "source": [
    "def single_block_embedding(index):\n",
    "    # index is the location of the block in the complex_blocks array\n",
    "    # it can be any number from 0 to 1023\n",
    "    r, c = complex_blocks[index][0]\n",
    "    B = host_blocks[r,:,c,:]\n",
    "    U, D, V = SVD(B)\n",
    "    \n",
    "    # The relation between second and third elements in the first column will be examined\n",
    "    threshold = 0.002\n",
    "    relation = abs(U[1,0]) - abs(U[2,0])\n",
    "\n",
    "    # i and j are the indices for getting the corresponding pixel in the watermark\n",
    "    i = index // 32\n",
    "    j = index % 32\n",
    "    \n",
    "    # if the corresponding watermark pixel value is 1, the relationship should be positive\n",
    "    if watermark[i,j] == 1:\n",
    "        if relation < 0:                   # Non-matching Case\n",
    "            n2 = abs(abs(U[1,0]) - (threshold + abs(relation))/2)\n",
    "            n3 = abs(abs(U[2,0]) + (threshold + abs(relation))/2)\n",
    "        elif abs(relation) <= threshold:   # Matching Case \n",
    "            n2 = abs(abs(U[1,0]) + (threshold - abs(relation))/2)\n",
    "            n3 = abs(abs(U[2,0]) - (threshold - abs(relation))/2)\n",
    "        else:                              # Retain value\n",
    "            n2 = abs(U[1,0])\n",
    "            n3 = abs(U[2,0])\n",
    "    # if the corresponding watermark pixel value is 0, the relationship should be negative\n",
    "    else:\n",
    "        if relation > 0:                   # Non-matching Case\n",
    "            n2 = abs(abs(U[1,0]) - (threshold + abs(relation))/2)\n",
    "            n3 = abs(abs(U[2,0]) + (threshold + abs(relation))/2)\n",
    "        elif abs(relation) <= threshold:   # Matching Case \n",
    "            n2 = abs(abs(U[1,0]) + (threshold - abs(relation))/2)\n",
    "            n3 = abs(abs(U[2,0]) - (threshold - abs(relation))/2)\n",
    "        else:                              # Retain value\n",
    "            n2 = abs(U[1,0])\n",
    "            n3 = abs(U[2,0])\n",
    "\n",
    "    # Protect the sign of the original value\n",
    "    if U[1,0] > 0:\n",
    "        U[1,0] = n2\n",
    "    else:\n",
    "        U[1,0] = (-1) * n2\n",
    "    if U[2,0] > 0:\n",
    "        U[2,0] = n3\n",
    "    else:\n",
    "        U[2,0] = (-1) * n3\n",
    "\n",
    "    # Perform inverse SVD to obtain the changed block\n",
    "    B = inverse_svd(U, D, V)\n",
    "\n",
    "    # To check it once\n",
    "    return U, B"
   ]
  },
  {
   "cell_type": "code",
   "execution_count": 15,
   "id": "6d594c5b-0d1c-4cfb-8a72-af7e22dd7329",
   "metadata": {},
   "outputs": [
    {
     "name": "stdout",
     "output_type": "stream",
     "text": [
      "Original U matrix:\n",
      " [[-0.33154854 -0.22250488 -0.28681788  0.58141905  0.00317443 -0.01103102\n",
      "   0.4238291   0.35709214]\n",
      " [-0.34302062 -0.17372319  0.59890974 -0.2684504  -0.15117012  0.3581537\n",
      "  -0.15118054  0.36820355]\n",
      " [-0.342578    0.1876259  -0.45595506 -0.34163484 -0.4062858  -0.41815558\n",
      "  -0.3308637   0.20058914]\n",
      " [-0.4225522  -0.6406138  -0.11631909  0.0027717   0.374843   -0.08161715\n",
      "  -0.38618034 -0.2319661 ]\n",
      " [-0.36683384 -0.06303174  0.12612946  0.11162359 -0.65868783  0.10632749\n",
      "   0.26971367 -0.41457674]\n",
      " [-0.33641452  0.52314866 -0.26751882  0.17669861  0.1924906   0.62134016\n",
      "  -0.2761542  -0.07390593]\n",
      " [-0.3516917   0.43008184  0.48942113  0.29641613  0.25053737 -0.5409948\n",
      "  -0.05626905 -0.05474913]\n",
      " [-0.32415062  0.10997989 -0.10300988 -0.5844831   0.37129065  0.00237478\n",
      "   0.6219878  -0.05912099]]\n",
      "Newly formed U matrix:\n",
      " [[-0.33154854 -0.22250488 -0.28681788  0.58141905  0.00317443 -0.01103102\n",
      "   0.4238291   0.35709214]\n",
      " [-0.3437993  -0.17372319  0.59890974 -0.2684504  -0.15117012  0.3581537\n",
      "  -0.15118054  0.36820355]\n",
      " [-0.34179932  0.1876259  -0.45595506 -0.34163484 -0.4062858  -0.41815558\n",
      "  -0.3308637   0.20058914]\n",
      " [-0.4225522  -0.6406138  -0.11631909  0.0027717   0.374843   -0.08161715\n",
      "  -0.38618034 -0.2319661 ]\n",
      " [-0.36683384 -0.06303174  0.12612946  0.11162359 -0.65868783  0.10632749\n",
      "   0.26971367 -0.41457674]\n",
      " [-0.33641452  0.52314866 -0.26751882  0.17669861  0.1924906   0.62134016\n",
      "  -0.2761542  -0.07390593]\n",
      " [-0.3516917   0.43008184  0.48942113  0.29641613  0.25053737 -0.5409948\n",
      "  -0.05626905 -0.05474913]\n",
      " [-0.32415062  0.10997989 -0.10300988 -0.5844831   0.37129065  0.00237478\n",
      "   0.6219878  -0.05912099]]\n"
     ]
    }
   ],
   "source": [
    "# Let's select the first block and apply the single block embedding procedure\n",
    "r, c = complex_blocks[0][0]\n",
    "M = host_blocks[r,:,c,:]\n",
    "Um, _, _ = SVD(M)\n",
    "print('Original U matrix:\\n', Um)\n",
    "\n",
    "Um_, _ = single_block_embedding(0)\n",
    "print('Newly formed U matrix:\\n', Um_)"
   ]
  },
  {
   "cell_type": "markdown",
   "id": "75248914-9b1b-4032-a91d-73266ca9fb9c",
   "metadata": {},
   "source": [
    "#### Entire Process"
   ]
  },
  {
   "cell_type": "code",
   "execution_count": 16,
   "id": "496f8291-800f-4d64-90fc-a5e504ffa842",
   "metadata": {},
   "outputs": [
    {
     "data": {
